15
Berlin
London
NewYork
Paris
Tokyo
Sydney
HongKong
Rome
LosAngeles
Calcutta
Caracas
Moscow
BuenosAires
Istanbul
Cairo
1 12 1004 750
1 8 734 250
1 4 545 450
1 3 3965 2500
1 2 579 150
2 10 4947 725
2 8 887 225
2 7 5982 850
2 4 213 475
2 3 3458 1125
3 13 5297 480
3 11 2132 275
3 9 2451 625
3 8 4281 1375
3 4 3624 350
4 14 1400 525
4 8 697 220
5 10 3194 1550
5 9 5433 1750
5 7 1794 730
5 6 4866 2100
6 7 4584 670
7 9 7195 1390
8 15 1320 780
8 12 1474 130
9 13 6916 1975
10 15 3539 555
11 13 3168 1690
12 14 1091 490
14 15 768 320
